3.830160942464145624e+00
4.921757065752315086e+00
4.740272803202179475e+00
5.410248889669968086e+00
5.311403172950111440e+00
4.837093956764172198e+00
4.739485030202381211e+00
5.036468225444608926e+00
4.698493123827086393e+00
5.694796282202018389e+00
4.710964728522230693e+00
4.860153124109157119e+00
5.128387873232593819e+00
5.882062796911927904e+00
5.101583641603588681e+00
5.207380195537878897e+00
5.251996938462903053e+00
5.402265310749242211e+00
5.263336534105559572e+00
5.109022768740898002e+00
4.662155067578495071e+00
5.150578825546761053e+00
4.800962778790183627e+00
4.521355768881216264e+00
4.937802152868978389e+00
5.081205148099281921e+00
5.314339953255623250e+00
5.351303862883580287e+00
4.866371117850867734e+00
5.309779443992914238e+00
4.768333576842981536e+00
4.794513868223820197e+00
5.373312458828852556e+00
5.040391909223282063e+00
4.517270711087660651e+00
4.843321507222548838e+00
5.563859285071759864e+00
5.526381734695756442e+00
4.967560715210943556e+00
5.282867280664394372e+00
4.166632134316032854e+00
4.919476634368376011e+00
5.252848799297931137e+00
4.905699388057327859e+00
5.278034273830233047e+00
5.357453523211042956e+00
4.986832908839671674e+00
5.021253943356860816e+00
4.979985907815032142e+00
4.153774226183048590e+00
4.557855870471717807e+00
4.765717537073416388e+00
4.897590993270592108e+00
5.142615358635951317e+00
5.311178415736434566e+00
4.962827837612906912e+00
5.370521426791335706e+00
5.636754507864946362e+00
4.788714361053646229e+00
4.928786416791685276e+00
5.338965285089255275e+00
5.323983095766683604e+00
4.702066199648176514e+00
4.963741350093031635e+00
4.674870984285995235e+00
4.538720520495224342e+00
5.235072782133666003e+00
5.110317714950391554e+00
5.123454433601033031e+00
4.921552363156145304e+00
5.453671458203609212e+00
4.468691257111884418e+00
4.969050785028995776e+00
4.838889622082441555e+00
4.638671187080259273e+00
4.625548558488354445e+00
4.673502126838215531e+00
4.657873415253531491e+00
5.456234939209785750e+00
5.126886005116023881e+00
4.670058316956382072e+00
4.855532949261327502e+00
5.129493281729905263e+00
5.373404386007532452e+00
4.859393000133691132e+00
4.425737523660286499e+00
5.011197364609159877e+00
4.925192914591970172e+00
4.985933306761488382e+00
4.837615615862983276e+00
4.870282491609894571e+00
4.850052465747459074e+00
5.023877030196018723e+00
5.245754983374765423e+00
5.337133267216211507e+00
4.783270852744511359e+00
4.877301286276550130e+00
5.175609103690775648e+00
5.115640967440173270e+00
4.403160823343804431e+00
