 0.00000000e+00
 5.11349616e-01
 8.78879879e-01
 9.99221269e-01
 8.38527236e-01
 4.41993691e-01
 -7.88525454e-02
 -5.77521152e-01
 -9.13759368e-01
 -9.92998700e-01
 -7.92952733e-01
 -3.69885285e-01
 1.57214043e-01
 6.40096223e-01
 9.42948495e-01
 9.80592311e-01
 7.42440181e-01
 2.95473450e-01
 -2.34596503e-01
 -6.98685146e-01
 -9.66265486e-01
 -9.62079363e-01
 -6.87304143e-01
 -2.19221577e-01
 3.10518032e-01
 7.52923064e-01
 9.83565137e-01
 9.37575144e-01
 6.27887973e-01
 1.41604519e-01
 -3.84505835e-01
 -8.02472214e-01
 -9.94739716e-01
 -9.07232251e-01
 -5.64561683e-01
 -6.31056313e-02
 4.56099159e-01
 8.47024034e-01
 9.99719634e-01
 8.71239643e-01
 4.97719629e-01
 -1.57862420e-02
 -5.24852163e-01
 -8.86301080e-01
 -9.98473878e-01
 -8.29821460e-01
 -4.27778068e-01
 9.45798078e-02
 5.90336692e-01
 9.20058757e-01
 9.91010207e-01
 7.83235632e-01
 3.55172553e-01
 -1.72784385e-01
 -6.52144947e-01
 -9.48086844e-01
 -9.77375101e-01
 -7.31772266e-01
 -2.80355229e-01
 2.49912962e-01
 7.09892022e-01
 9.70210796e-01
 9.57653470e-01
 6.75751849e-01
 2.03792016e-01
 -3.25485227e-01
 -7.63218303e-01
 -9.86292838e-01
 -9.31968129e-01
 -6.15523241e-01
 -1.25959705e-01
 3.99030558e-01
 8.11791702e-01
 9.96232822e-01
 9.00479032e-01
 5.51461512e-01
 4.73429900e-02
 -4.70090958e-01
 -8.55309735e-01
 -9.99968847e-01
 -8.63382275e-01
 -4.83965601e-01
 3.15685498e-02
 5.38223906e-01
 8.93501396e-01
 9.97477646e-01
 8.20908875e-01
 4.13455834e-01
 -1.10283499e-01
 -6.03005107e-01
 -9.26128849e-01
 -9.88774735e-01
 -7.73323331e-01
 -3.40371303e-01
 1.88311666e-01
 6.64031143e-01
 9.52988909e-01
 9.73914308e-01
 7.20921979e-01
 2.65167138e-01
 -2.65167138e-01
 -7.20921979e-01
 -9.73914308e-01
 -9.52988909e-01
 -6.64031143e-01
 -1.88311666e-01
 3.40371303e-01
 7.73323331e-01
 9.88774735e-01
 9.26128849e-01
 6.03005107e-01
 1.10283499e-01
 -4.13455834e-01
 -8.20908875e-01
 -9.97477646e-01
 -8.93501396e-01
 -5.38223906e-01
 -3.15685498e-02
 4.83965601e-01
 8.63382275e-01
 9.99968847e-01
 8.55309735e-01
 4.70090958e-01
 -4.73429900e-02
 -5.51461512e-01
 -9.00479032e-01
 -9.96232822e-01
 -8.11791702e-01
 -3.99030558e-01
 1.25959705e-01
 6.15523241e-01
 9.31968129e-01
 9.86292838e-01
 7.63218303e-01
 3.25485227e-01
 -2.03792016e-01
 -6.75751849e-01
 -9.57653470e-01
 -9.70210796e-01
 -7.09892022e-01
 -2.49912962e-01
 2.80355229e-01
 7.31772266e-01
 9.77375101e-01
 9.48086844e-01
 6.52144947e-01
 1.72784385e-01
 -3.55172553e-01
 -7.83235632e-01
 -9.91010207e-01
 -9.20058757e-01
 -5.90336692e-01
 -9.45798078e-02
 4.27778068e-01
 8.29821460e-01
 9.98473878e-01
 8.86301080e-01
 5.24852163e-01
 1.57862420e-02
 -4.97719629e-01
 -8.71239643e-01
 -9.99719634e-01
 -8.47024034e-01
 -4.56099159e-01
 6.31056313e-02
 5.64561683e-01
 9.07232251e-01
 9.94739716e-01
 8.02472214e-01
 3.84505835e-01
 -1.41604519e-01
 -6.27887973e-01
 -9.37575144e-01
 -9.83565137e-01
 -7.52923064e-01
 -3.10518032e-01
 2.19221577e-01
 6.87304143e-01
 9.62079363e-01
 9.66265486e-01
 6.98685146e-01
 2.34596503e-01
 -2.95473450e-01
 -7.42440181e-01
 -9.80592311e-01
 -9.42948495e-01
 -6.40096223e-01
 -1.57214043e-01
 3.69885285e-01
 7.92952733e-01
 9.92998700e-01
 9.13759368e-01
 5.77521152e-01
 7.88525454e-02
 -4.41993691e-01
 -8.38527236e-01
 -9.99221269e-01
 -8.78879879e-01
 -5.11349616e-01
 2.94162824e-15
