[  -32.72631939   -71.78783112  -120.42419858  -153.80223118
  -152.99737452  -126.77466514  -118.66757467  -110.14356113
  -112.69736666  -125.17857431  -134.12237841  -149.11755011
  -184.09471874  -254.5016349   -314.76823157  -370.64824301
  -416.39633537  -463.8659747   -490.21097453  -513.40322568
  -564.48550269  -614.12624087  -697.48694842  -787.32609643
  -862.3572782   -946.74318252  -976.94635118  -999.95546868
  -998.12846981  -979.77411882  -958.16559839  -973.71047714
  -976.53376119 -1016.01752164 -1043.01078224 -1066.81390336
 -1088.46322488 -1119.34486966 -1153.8864523  -1182.05040894
 -1171.98047765 -1160.51947512 -1141.86751594 -1147.08363549
 -1153.38486219 -1154.79462978 -1133.50846576 -1104.29423977
 -1074.56357565 -1022.36519224  -955.37836969  -878.15107615
  -829.22579036  -758.42877831  -705.18923677  -637.54507833
  -570.95912572  -494.80163417  -435.1853569   -376.39634882
  -278.07865243  -197.08768916  -144.08789468   -85.58223159
   -30.02694825    -2.26175755    18.46572443    40.30001907
    78.3969451     88.58964795   133.55802573   178.20521482
   192.63025319   191.00028174   201.83064833   194.06948469
   192.38666714   173.40982278   136.8642627    114.50743603
   115.70356671    81.41454701    44.2877856      6.2960337
   -35.55735967   -45.84621159   -77.94216585  -114.91929493
  -151.54711084  -211.98026706  -245.72727246  -278.4695327
  -286.78199969  -292.05370588  -290.23945445  -315.60002409
  -346.19325687  -389.50087338  -455.01298241  -535.74073872
  -596.81361656  -631.03404682  -699.22120708  -760.46819134
  -820.34201342  -860.0810796   -868.98404396  -796.02951515
  -718.62184537  -616.66854203  -523.25925369  -443.26607944
  -356.61152445  -269.75967085  -193.46368273  -107.12088656
   -52.58931955   -18.29347169    16.62181444    26.24001345
    42.89988535    38.39275566    39.73098069    27.79195467
    12.86962769   -43.13760311  -112.70263747  -152.07084496
  -173.13518528  -189.46840744  -206.17063743  -231.365266
  -274.58017993  -361.98629828  -430.06534602  -471.5525984
  -543.77776931  -569.38404532  -603.43611596  -622.58348106
  -661.42052418  -702.58670234  -734.22978328  -750.46212824
  -743.04998492  -718.56209255  -647.32952827  -566.96229756
  -495.94086278  -452.39560985  -437.62332663  -451.55301889
  -467.64937619  -506.44528102  -529.49177076  -548.08419473
  -561.48713182  -579.18795611  -562.9090238   -542.02908108
  -524.13718422  -530.19734987  -539.55172665  -552.34866351
  -541.35439899  -516.49584262  -498.73344869  -477.16550345
  -443.34127529  -369.85695554  -293.8894577   -200.5824784
  -120.42149828   -22.71004086    96.02272188   184.42294455
   258.03304151   296.34168975   294.43366026   304.05315408
   323.18538804   328.76845955   355.71242599   356.49719988
   347.78636558   326.00327227   308.97480944   283.80976929
   244.207017     207.22009819   187.73626353   206.15810277
   213.46475273   226.82403894   235.14409309   210.30352696
   174.478695     117.36588103    71.38900919    40.59128465]